1701877
1701878
1701879
1701880
1701881
1701882
1701883
1701884
1701885
1701886
1701887
1701888
1701889
1701890
1701891
1701892
1701893
1701894
1701895
1701896
1701897
1701898
1701899
1701900
1701901
1701902
1701903
1701904
1701905
1701906
1701907
1701908
1701909
1701910
1701911
1701912
1701913
1701914
1701915
1701916
1701917
1701918
1701919
1701920
1701921
1701922
1701923
1701924
1701925
1701926
1701927
1701928
1701929
1701930
1701931
1701932
1701933
1701934
1701935
1701936
1701937
1701938
1701939
1701940
1701941
1701942
1701943
1701944
1701945
1701946
1701947
1701948
1701949
1701950
1701951
1701952
1701953
1701954
1701955
1701956
1701957
1701958
1701959
1701960
1701961
1701962
1701963
1701964
1701965
1701966
1701967
1701968
1701969
1701970
1701971
1701972
1701973
1701974
1701975
1701976
1708981
1708982
1708983
1708984
1708985
1708986
1708987
1708988
1708989
1708990
1708991
1708992
1708993
1708994
1708995
1708996
1708997
1708998
1708999
1709000
1709001
1709002
1709003
1709004
1709005
1709006
1709007
1709008
1709009
1709010
1709011
1709012
1709013
1709014
1709015
1709016
1709017
1709018
1709019
1709020
1709021
1709022
1709023
1709024
1709025
1709026
1709027
1709028
1709029
1709030
1709031
1709032
1709033
1709034
1709035
1709036
1709037
1709038
1709039
1709040
1709041
1709042
1709043
1709044
1709045
1709046
1709047
1709048
1709049
1709050
1709051
1709052
1709053
1709054
1709055
1709056
1709057
1709058
1709059
1709060
1709061
1709062
1709063
1709064
1709065
1709066
1709067
1709068
1709069
1709070
1709071
1709072
1709073
1709074
1709075
1709076
1709077
1709078
1709079
1709080
1709081
1709082
1709083
1709084
1709085
1709086
1709087
1709088
1709089
1709090
1709091
1709092
1709093
1709094
1709095
1709096
1709097
1709098
1709099
1709100
1709101
1709102
1709103
1709104
1709105
1709106
1709107
1709108
1709109
1709110
1709111
1709112
1709113
1709114
1709115
1709116
1709117
1709118
1709119
1709120
1709121
1709122
1709123
1709124
1709125
1709126
1709127
1709128
1709129
1709130
1709131
1709132
1709133
1709134
1709135
1709136
1709137
1709138
1709139
1709140
1709141
1709142
1709143
1709144
1709145
1709146
1709147
1709148
1709149
1709150
1709151
1709152
1709153
1709154
1709155
1709156
1709157
1709158
1709159
1709160
1709161
1709162
1709163
1709164
1709165
1709166
1709167
1709168
1709169
1709170
1709171
1709172
1709173
1709174
1709175
1709176
1709177
1709178
1709179
1709180
1709181
1709182
1709183
1709184
1709185
1709186
1709187
1709188
1709189
1709190
1709191
1709192
1709193
1709194
1709195
1709196
1709197
1709198
1709199
1709200
1709201
1709202
1709203
1709204
1709205
1709206
1709207
1709208
1709209
1709210
1709211
1709212
1709213
1709214
1709215
1709216
1709217
1709218
1709219
1709220
1709221
1709222
1709223
1709224
1709225
1709226
1709227
1709228
1709229
1709230
1709231
1709232
1709233
1709234
1709235
1709236
1709237
1709238
1709239
1709240
1709241
1709242
1709243
1709244
1709245
1709246
1709247
1709248
1709249
1709250
1709251
1709252
1709253
1709254
1709255
1709256
1709257
1709258
1709259
1709260
1709261
1709262
1709263
1709264
1709265
1709266
1709267
1709268
1709269
1709270
1709271
1709272
1709273
1709274
1709275
1709276
1709277
1709278
1709279
1709280
1709281
1709282
1709283
1709284
1709285
1709286
1709287
1709288
1709289
1709290
1709291
1709292
1709293
1709294
1709295
1709296
1709297
1709298
1709299
1709300
1709301
1709302
1709303
1709304
1709305
1709306
1709307
1709308
1709309
1709310
1709311
1709312
1709313
1709314
1709315
1709316
1709317
1709318
1709319
1709320
1709321
1709322
1709323
1709324
1709325
1709326
1709327
1709328
1709329
1709330
1709331
1709332
1709333
1709334
1709335
1709336
1709337
1709338
1709339
1709340
1709341
1709342
1709343
1709344
1709345
1709346
1709347
1709348
1709349
1709350
1709351
1709352
1709353
1709354
1709355
1709356
1709357
1709358
1709359
1709360
1709361
1709362
1709363
1709364
1709365
1709366
1709367
1709368
1709369
1709370
1709371
1709372
1709373
1709374
1709375
1709376
1709377
1709378
1709379
1709380
1709381
1709382
1709383
1709384
1709385
1709386
1709387
1709388
1709389
1709390
1709391
1709392
1709393
1709394
1709395
1709396
1709397
1709398
1709399
1709400
1709401
1709402
1709403
1709404
1709405
1709406
1709407
1709408
1709409
1709410
1709411
1709412
1709413
1709414
1709415
1709416
1709417
1709418
1709419
1709420
1709421
1709422
1709423
1709424
1709425
1709426
1709427
1709428
1709429
1709430
1709431
1709432
1709433
1709434
1709435
1709436
1709437
1709438
1709439
1709440
1709441
1709442
1709443
1709444
1709445
1709446
1709447
1709448
1709449
1709450
1709451
1709452
1709453
1709454
1709455
1709456
1709457
1709458
1709459
1709460
1709461
1709462
1709463
1709464
1709465
1709466
1709467
1709468
1709469
1709470
1709471
1709472
1709473
1709474
1709475
1709476
1709477
1709478
1709479
1709480
1709481
1709482
1709483
1709484
1709485
1709486
1709487
1709488
1709489
1709490
1709491
1709492
1709493
1709494
1709495
1709496
1709497
1709498
1709499
1709500
1709501
1709502
1709503
1709504
1709505
1709506
1709507
1709508
1709509
1709510
1709511
1709512
1709513
1709514
1709515
1709516
1709517
1709518
1709519
1709520
1709521
1709522
1709523
1709524
1709525
1709526
1709527
1709528
1709529
1709530
1709531
1709532
1709533
1709534
1709535
1709536
1709537
1709538
1709539
1709540
1709541
1709542
1709543
1709544
1709545
1709546
1709547
1709548
1709549
1709550
1709551
1709552
1709553
1709554
1709555
1709556
1709557
1709558
1709559
1709560
1709561
1709562
1709563
1709564
1709565
1709566
1709567
1709568
1709569
1709570
1709571
1709572
1709573
1709574
1709575
1709576
1709577
1709578
1709579
1709580
1709581
1709582
1709583
1709584
1709585
1709586
1709587
1709588
1709589
1709590
1709591
1709592
1709593
1709594
1709595
1709596
1709597
1709598
1709599
1709600
1709601
1709602
1709603
1709604
1709605
1709606
1709607
1709608
1709609
1709610
1709611
1709612
1709613
1709614
1709615
1709616
1709617
1709618
1709619
1709620
1709621
1709622
1709623
1709624
1709625
1709626
1709627
1709628
1709629
1709630
1709631
1709632
1709633
1709634
1709635
1709636
1709637
1709638
1709639
1709640
1709641
1709642
1709643
1709644
1709645
1709646
1709647
1709648
1709649
1709650
1709651
1709652
1709653
1709654
1709655
1709656
1709657
1709658
1709659
1709660
1709661
1709662
1709663
1709664
1709665
1709666
1709667
1709668
1709669
1709670
1709671
1709672
1709673
1709674
1709675
1709676
1709677
1709678
1709679
1709680
1709681
1709682
1709683
1709684
1709685
1709686
1709687
1709688
1709689
1709690
1709691
1709692
1709693
1709694
1709695
1709696
1709697
1709698
1709699
1709700
1709701
1709702
1709703
1709704
1709705
1709706
1709707
1709708
1709709
1709710
1709711
1709712
1709713
1709714
1709715
1709716
1709717
1709718
1709719
1709720
1709721
1709722
1709723
1709724
1709725
1709726
1709727
1709728
1709729
1709730
1709731
1709732
1709733
1709734
1709735
1709736
1709737
1709738
1709739
1709740
1709741
1709742
1709743
1709744
1709745
1709746
1709747
1709748
1709749
1709750
1709751
1709752
1709753
1709754
1709755
1709756
1709757
1709758
1709759
1709760
1709761
1709762
1709763
1709764
1709765
1709766
1709767
1709768
1709769
1709770
1709771
1709772
1709773
1709774
1709775
1709776
1709777
1709778
1709779
1709780
1709781
1709782
1709783
1709784
1709785
1709786
1709787
1709788
1709789
1709790
1709791
1709792
1709793
1709794
1709795
1709796
1709797
1709798
1709799
1709800
1709801
1709802
1709803
1709804
1709805
1709806
1709807
1709808
1709809
1709810
1709811
1709812
1709813
1709814
1709815
1709816
1709817
1709818
1709819
1709820
1709821
1709822
1709823
1709824
1709825
1709826
1709827
1709828
1709829
1709830
1709831
1709832
1709833
1709834
1709835
1709836
1709837
1709838
1709839
1709840
1709841
1709842
1709843
1709844
1709845
1709846
1709847
1709848
1709849
1709850
1709851
1709852
1709853
1709854
1709855
1709856
1709857
1709858
1709859
1709860
1709861
1709862
1709863
1709864
1709865
1709866
1709867
1709868
1709869
1709870
1709871
1709872
1709873
1709874
1709875
1709876
1709877
1709878
1709879
1709880
1709881
1709882
1709883
1709884
1709885
1709886
1709887
1709888
1709889
1709890
1709891
1709892
1709893
1709894
1709895
1709896
1709897
1709898
1709899
1709900
1709901
1709902
1709903
1709904
1709905
1709906
1709907
1709908
1709909
1709910
1709911
1709912
1709913
1709914
1709915
1709916
1709917
1709918
1709919
1709920
1709921
1709922
1709923
1709924
1709925
1709926
1709927
1709928
1709929
1709930
1709931
1709932
1709933
1709934
1709935
1709936
1709937
1709938
1709939
1709940
1709941
1709942
1709943
1709944
1709945
1709946
1709947
1709948
1709949
1709950
1709951
1709952
1709953
1709954
1709955
1709956
1709957
1709958
1709959
1709960
1709961
1709962
1709963
1709964
1709965
1709966
1709967
1709968
1709969
1709970
1709971
1709972
1709973
1709974
1709975
1709976
1709977
1709978
1709979
1709980
1709981
1709982
1709983
1709984
1709985
1709986
1709987
1709988
1709989
1709990
1709991
1709992
1709993
1709994
1709995
1709996
1709997
1709998
1709999
1710000
1710001
1710002
1710003
1710004
1710005
1710006
1710007
1710008
1710009
1710010
1710011
1710012
1710013
1710014
1710015
1710016
1710017
1710018
1710019
1710020
1710021
1710022
1710023
1710024
1710025
1710026
1710027
1710028
1710029
1710030
1710031
1710032
1710033
1710034
1710035
1710036
1710037
1710038
1710039
1710040
1710041
1710042
1710043
1710044
1710045
1710046
1710047
1710048
1710049
1710050
1710051
1710052
1710053
1710054
1710055
1710056
1710057
1710058
1710059
1710060
1710061
1710062
1710063
1710064
1710065
1710066
1710067
1710068
1710069
1710070
1710071
1710072
1710073
1710074
1710075
1710076
1710077
1710078
1710079
1710080
1710081
1710082
1710083
1710084
1710085
1710086
1710087
1710088
1710089
1710090
1710091
1710092
1710093
1710094
1710095
1710096
1710097
1710098
1710099
1710100
1710101
1710102
1710103
1710104
1710105
1710106
1710107
1710108
1710109
1710110
1710111
1710112
1710113
1710114
1710115
1710116
1710117
1710118
1710119
1710120
1710121
1710122
1710123
1710124
1710125
1710126
1710127
1710128
1710129
1710130
1710131
1710132
1710133
1710134
1710135
1710136
1710137
1710138
1710139
1710140
1710141
1710142
1710143
1710144
1710145
1710146
1710147
1710148
1710149
1710150
1710151
1710152
1710153
1710154
1710155
1710156
1710157
1710158
1710159
1710160
1710161
1710162
1710163
1710164
1710165
1710166
1710167
1710168
1710169
1710170
1710171
1710172
1710173
1710174
1710175
1710176
1710177
1710178
1710179
1710180
1710181
1710182
1710183
1710184
1710185
1710186
1710187
1710188
1710189
1710190
1710191
1710192
1710193
1710194
1710195
1710196
1710197
1710198
1710199
1710200
1710201
1710202
1710203
1710204
1710205
1710206
1710207
1710208
1710209
1710210
1710211
1710212
1710213
1710214
1710215
1710216
1710217
1710218
1710219
1710220
1710221
1710222
1710223
1710224
1710225
1710226
1710227
1710228
1710229
1710230
1710231
1710232
1710233
1710234
1710235
1710236
1710237
1710238
1710239
1710240
1710241
1710242
1710243
1710244
1710245
1710246
1710247
1710248
1710249
1710250
1710251
1710252
1710253
1710254
1710255
1710256
1710257
1710258
1710259
1710260
1710261
1710262
1710263
1710264
1710265
1710266
1710267
1710268
1710269
1710270
1710271
1710272
1710273
1710274
1710275
1710276
1710277
1710278
1710279
1710280
1710281
1710282
1710283
1710284
1710285
1710286
1710287
1710288
1710289
1710290
1710291
1710292
1710293
1710294
1710295
1710296
1710297
1710298
1710299
1710300
1710301
1710302
1710303
1710304
1710305
1710306
1710307
1710308
1710309
1710310
1710311
1710312
1710313
1710314
1710315
1710316
1710317
1710318
1710319
1710320
1710321
1710322
1710323
1710324
1710325
1710326
1710327
1710328
1710329
1710330
1710331
1710332
1710333
1710334
1710335
1710336
1710337
1710338
1710339
1710340
1710341
1710342
1710343
1710344
1710345
1710346
1710347
1710348
1710349
1710350
1710351
1710352
1710353
1710354
1710355
1710356
1710357
1710358
1710359
1710360
1710361
1710362
1710363
1710364
1710365
1710366
1710367
1710368
1710369
1710370
1710371
1710372
1710373
1710374
1710375
1710376
1710377
1710378
1710379
1710380
1710381
1710382
1710383
1710384
1710385
1710386
1710387
1710388
1710389
1710390
1710391
1710392
1710393
1710394
1710395
1710396
1710397
1710398
1710399
1710400
1710401
1710402
1710403
1710404
1710405
1710406
1710407
1710408
1710409
1710410
1710411
1710412
1710413
1710414
1710415
1710416
1710417
1710418
1710419
1710420
1710421
1710422
1710423
1710424
1710425
1710426
1710427
1710428
1710429
1710430
1710431
1710432
1710433
1710434
1710435
1710436
1710437
1710438
1710439
1710440
1710441
1710442
1710443
1710444
1710445
1710446
1710447
1710448
1710449
1710450
1710451
1710452
1710453
1710454
1710455
1710456
1710457
1710458
1710459
1710460
1710461
1710462
1710463
1710464
1710465
1710466
1710467
1710468
1710469
1710470
1710471
1710472
1710473
1710474
1710475
1710476
1710477
1710478
1710479
1710480
1710481
1710482
1710483
1710484
1710485
1710486
1710487
1710488
1710489
1710490
1710491
1710492
1710493
1710494
1710495
1710496
1710497
1710498
1710499
1710500
1710501
1710502
1710503
1710504
1710505
1710506
1710507
1710508
1710509
1710510
1710511
1710512
1710513
1710514
1710515
1710516
1710517
1710518
1710519
1710520
1710521
1710522
1710523
1710524
1710525
1710526
1710527
1710528
1710529
1710530
1710531
1710532
1710533
1710534
1710535
1710536
1710537
1710538
1710539
1710540
1710541
1710542
1710543
1710544
1710545
1710546
1710547
1710548
1710549
1710550
1710551
1710552
1710553
1710554
1710555
1710556
1710557
1710558
1710559
1710560
1710561
1710562
1710563
1710564
1710565
1710566
1710567
1710568
1710569
1710570
1710571
1710572
1710573
1710574
1710575
1710576
1710577
1710578
1710579
1710580
1710581
1710582
1710583
1710584
1710585
1710586
1710587
1710588
1710589
1710590
1710591
1710592
1710593
1710594
1710595
1710596
1710597
1710598
1710599
1710600
1710601
1710602
1710603
1710604
1710605
1710606
1710607
1710608
1710609
1710610
1710611
1710612
1710613
1710614
1710615
1710616
1710617
1710618
1710619
1710620
1710621
1710622
1710623
1710624
1710625
1710626
1710627
1710628
1710629
1710630
1710631
1710632
1710633
1710634
1710635
1710636
1710637
1710638
1710639
1710640
1710641
1710642
1710643
1710644
1710645
1710646
1710647
1710648
1710649
1710650
1710651
1710652
1710653
1710654
1710655
1710656
1710657
1710658
1710659
1710660
1710661
1710662
1710663
1710664
1710665
1710666
1710667
1710668
1710669
1710670
1710671
1710672
1710673
1710674
1710675
1710676
1710677
1710678
1710679
1710680
1710681
1710682
1710683
1710684
1710685
1710686
1710687
1710688
1710689
1710690
1710691
1710692
1710693
1710694
1710695
1710696
1710697
1710698
1710699
1710700
1710701
1710702
1710703
1710704
1710705
1710706
1710707
1710708
1710709
1710710
1710711
1710712
1710713
1710714
1710715
1710716
1710717
1710718
1710719
1710720
1710721
1710722
1710723
1710724
1710725
1710726
1710727
1710728
1710729
1710730
1710731
1710732
1710733
1710734
1710735
1710736
1710737
1710738
1710739
1710740
1710741
1710742
1710743
1710744
1710745
1710746
1710747
1710748
1710749
1710750
1710751
1710752
1710753
1710754
1710755
1710756
1710757
1710758
1710759
1710760
1710761
1710762
1710763
1710764
1710765
1710766
1710767
1710768
1710769
1710770
1710771
1710772
1710773
1710774
1710775
1710776
1710777
1710778
1710779
1710780
1710781
1710782
1710783
1710784
1710785
1710786
1710787
1710788
1710789
1710790
1710791
1710792
1710793
1710794
1710795
1710796
1710797
1710798
1710799
1710800
1710801
1710802
1710803
1710804
1710805
1710806
1710807
1710808
1710809
1710810
1710811
1710812
1710813
1710814
1710815
1710816
1710817
1710818
1710819
1710820
1710821
1710822
1710823
1710824
1710825
1710826
1710827
1710828
1710829
1710830
1710831
1710832
1710833
1710834
1710835
1710836
1710837
1710838
1710839
1710840
1710841
1710842
1710843
1710844
1710845
1710846
1710847
1710848
1710849
1710850
1710851
1710852
1710853
1710854
1710855
1710856
1710857
1710858
1710859
1710860
1710861
1710862
1710863
1710864
1710865
1710866
1710867
1710868
1710869
1710870
1710871
1710872
1710873
1710874
1710875
1710876
1710877
1710878
1710879
1710880
1710881
1710882
1710883
1710884
1710885
1710886
1710887
1710888
1710889
1710890
1710891
1710892
1710893
1710894
1710895
1710896
1710897
1710898
1710899
1710900
1710901
1710902
1710903
1710904
1710905
1710906
1710907
1710908
1710909
1710910
1710911
1710912
1710913
1710914
1710915
1710916
1710917
1710918
1710919
1710920
1710921
1710922
1710923
1710924
1710925
1710926
1710927
1710928
1710929
1710930
1710931
1710932
1710933
1710934
1710935
1710936
1710937
1710938
1710939
1710940
1710941
1710942
1710943
1710944
1710945
1710946
1710947
1710948
1710949
1710950
1710951
1710952
1710953
1710954
1710955
1710956
1710957
1710958
1710959
1710960
1710961
1710962
1710963
1710964
1710965
1710966
1710967
1710968
1710969
1710970
1710971
1710972
1710973
1710974
1710975
1710976
1710977
1710978
1710979
1710980
1710981
1710982
1710983
1710984
1710985
1710986
1710987
1710988
1710989
1710990
1710991
1710992
1710993
1710994
1710995
1710996
1710997
1710998
1710999
1711000
1711001
1711002
1711003
1711004
1711005
1711006
1711007
1711008
1711009
1711010
1711011
1711012
1711013
1711014
1711015
1711016
1711017
1711018
1711019
1711020
1711021
1711022
1711023
1711024
1711025
1711026
1711027
1711028
1711029
1711030
1711031
1711032
1711033
1711034
1711035
1711036
1711037
1711038
1711039
1711040
1711041
1711042
1711043
1711044
1711045
1711046
1711047
1711048
1711049
1711050
1711051
1711052
1711053
1711054
1711055
1711056
1711057
1711058
1711059
1711060
1711061
1711062
1711063
1711064
1711065
1711066
1711067
1711068
1711069
1711070
1711071
1711072
1711073
1711074
1711075
1711076
1711077
1711078
1711079
1711080
1711081
1711082
1711083
1711084
1711085
1711086
1711087
1711088
1711089
1711090
1711091
1711092
1711093
1711094
1711095
1711096
1711097
1711098
1711099
1711100
1711101
1711102
1711103
1711104
1711105
1711106
1711107
1711108
1711109
1711110
1711111
1711112
1711113
1711114
1711115
1711116
1711117
1711118
1711119
1711120
1711121
1711122
1711123
1711124
1711125
1711126
1711127
1711128
1711129
1711130
1711131
1711132
1711133
1711134
1711135
1711136
1711137
1711138
1711139
1711140
1711141
1711142
1711143
1711144
1711145
1711146
1711147
1711148
1711149
1711150
1711151
1711152
1711153
1711154
1711155
1711156
1711157
1711158
1711159
1711160
1711161
1711162
1711163
1711164
1711165
1711166
1711167
1711168
1711169
1711170
1711171
1711172
1711173
1711174
1711175
1711176
1711177
1711178
1711179
1711180
1711181
1711182
1711183
1711184
1711185
1711186
1711187
1711188
1711189
1711190
1711191
1711192
1711193
1711194
1711195
1711196
1711197
1711198
1711199
1711200
1711201
1711202
1711203
1711204
1711205
1711206
1711207
1711208
1711209
1711210
1711211
1711212
1711213
1711214
1711215
1711216
1711217
1711218
1711219
1711220
1711221
1711222
1711223
1711224
1711225
1711226
1711227
1711228
1711229
1711230
1711231
1711232
1711233
1711234
1711235
1711236
1711237
1711238
1711239
1711240
1711241
1711242
1711243
1711244
1711245
1711246
1711247
1711248
1711249
1711250
1711251
1711252
1711253
1711254
1711255
1711256
1711257
1711258
1711259
1711260
1711261
1711262
1711263
1711264
1711265
1711266
1711267
1711268
1711269
1711270
1711271
1711272
1711273
1711274
1711275
1711276
1711277
1711278
1711279
1711280
1711281
1711282
1711283
1711284
1711285
1711286
1711287
1711288
1711289
1711290
1711291
1711292
1711293
1711294
1711295
1711296
1711297
1711298
1711299
1711300
1711301
1711302
1711303
1711304
1711305
1711306
1711307
1711308
1711309
1711310
1711311
1711312
1711313
1711314
1711315
1711316
1711317
1711318
1711319
1711320
1711321
1711322
1711323
1711324
1711325
1711326
1711327
1711328
1711329
1711330
1711331
1711332
1711333
1711334
1711335
1711336
1711337
1711338
1711339
1711340
1711341
1711342
1711343
1711344
1711345
1711346
1711347
1711348
1711349
1711350
1711351
1711352
1711353
1711354
1711355
1711356
1711357
1711358
1711359
1711360
1711361
1711362
1711363
1711364
1711365
1711366
1711367
1711368
1711369
1711370
1711371
1711372
1711373
1711374
1711375
1711376
1711377
1711378
1711379
1711380
1711381
1711382
1711383
1711384
1711385
1711386
1711387
1711388
1711389
1711390
1711391
1711392
1711393
1711394
1711395
1711396
1711397
1711398
1711399
1711400
1711401
1711402
1711403
1711404
1711405
1711406
1711407
1711408
1711409
1711410
1711411
1711412
1711413
1711414
1711415
1711416
1711417
1711418
1711419
1711420
1711421
1711422
1711423
1711424
1711425
1711426
1711427
1711428
1711429
1711430
1711431
1711432
1711433
1711434
1711435
1711436
1711437
1711438
1711439
1711440
1711441
1711442
1711443
1711444
1711445
1711446
1711447
1711448
1711449
1711450
1711451
1711452
1711453
1711454
1711455
1711456
1711457
1711458
1711459
1711460
1711461
1711462
1711463
1711464
1711465
1711466
1711467
1711468
1711469
1711470
1711471
1711472
1711473
1711474
1711475
1711476
1711477
1711478
1711479
1711480
1711481
1711482
1711483
1711484
1711485
1711486
1711487
1711488
1711489
1711490
1711491
1711492
1711493
1711494
1711495
1711496
1711497
1711498
1711499
1711500
1711501
1711502
1711503
1711504
1711505
1711506
1711507
1711508
1711509
1711510
1711511
1711512
1711513
1711514
1711515
1711516
1711517
1711518
1711519
1711520
1711521
1711522
1711523
1711524
1711525
1711526
1711527
1711528
1711529
1711530
1711531
1711532
1711533
1711534
1711535
1711536
1711537
1711538
1711539
1711540
1711541
1711542
1711543
1711544
1711545
1711546
1711547
1711548
1711549
1711550
1711551
1711552
1711553
1711554
1711555
1711556
1711557
1711558
1711559
1711560
1711561
1711562
1711563
1711564
1711565
1711566
1711567
1711568
1711569
1711570
1711571
1711572
1711573
1711574
1711575
1711576
1711577
1711579
1711580
1711581
1711582
1711583
1711584
1711585
1711586
1711587
1711588
1711589
1711590
1711591
1711592
1711593
1711594
1711595
1711596
1711597
1711598
1711599
1711600
1711601
1711602
1711603
1711604
1711605
1711606
1711607
1711608
1711609
1711610
1711611
1711612
1711613
1711614
1711615
1711616
1711617
1711618
1711619
1711620
1711621
1711622
1711623
1711624
1711625
1711626
1711627
1711628
1711629
1711630
1711631
1711632
1711633
1711634
1711635
1711636
1711637
1711638
1711639
1711640
1711641
1711642
1711643
1711644
1711645
1711646
1711647
1711648
1711649
1711650
1711651
1711652
1711653
1711654
1711655
1711656
1711657
1711658
1711659
1711660
1711661
1711662
1711663
1711664
1711665
1711666
1711667
1711668
1711669
1711670
1711671
1711672
1711673
1711674
1711675
1711676
1711677
1711678
1711679
1711680
1711681
1711682
1711683
1711684
1711685
1711686
1711687
1711688
1711689
1711690
1711691
1711692
1711693
1711694
1711695
1711696
1711697
1711698
1711699
1711700
1711701
1711702
1711703
1711704
1711705
1711706
1711707
1711708
1711709
1711710
1711711
1711712
1711713
1711714
1711715
1711716
1711717
1711718
1711719
1711720
1711721
1711722
1711723
1711724
1711725
1711726
1711727
1711728
1711729
1711730
1711731
1711732
1711733
1711734
1711735
1711736
1711737
1711738
1711739
1711740
1711741
1711742
1711743
1711744
1711745
1711746
1711747
1711748
1711749
1711750
1711751
1711752
1711753
1711754
1711755
1711756
1711757
1711758
1711759
1711760
1711761
1711762
1711763
1711764
1711765
1711766
1711767
1711768
1711769
1711770
1711771
1711772
1711773
1711774
1711775
1711776
1711777
1711778
1711779
1711780
1711781
1711782
1711783
1711784
1711785
1711786
1711787
1711788
1711789
1711790
1711791
1711792
1711793
1711794
1711795
1711796
1711797
1711798
1711799
1711800
1711801
1711802
1711803
1711804
1711805
1711806
1711807
1711808
1711809
1711810
1711811
1711812
1711813
1711814
1711815
1711816
1711817
1711818
1711819
1711820
1711821
1711822
1711823
1711824
1711825
1711826
1711827
1711828
1711829
1711830
1711831
1711832
1711833
1711834
1711835
1711836
1711837
1711838
1711839
1711840
1711841
1711842
1711843
1711844
1711845
1711846
1711847
1711848
1711849
1711850
1711851
1711852
1711853
1711854
1711855
1711856
1711857
1711858
1711859
1711860
1711861
1711862
1711863
1711864
1711865
1711866
1711867
1711868
1711869
1711870
1711871
1711872
1711873
1711874
1711875
1711876
1711877
1711878
1711879
1711880
1711881
1711882
1711883
1711884
1711885
1711886
1711887
1711888
1711889
1711890
1711891
1711892
1711893
1711894
1711895
1711896
1711897
1711898
1711899
1711900
1711901
1711902
1711903
1711904
1711905
1711906
1711907
1711908
1711909
1711910
1711911
1711912
1711913
1711914
1711915
1711916
1711917
1711918
1711919
1711920
1711921
1711922
1711923
1711924
1711925
1711926
1711927
1711928
1711929
1711930
1711931
1711932
1711933
1711934
1711935
1711936
1711937
1711938
1711939
1711940
1711941
1711942
1711943
1711944
1711945
1711946
1711947
1711948
1711949
1711950
1711951
1711952
1711953
1711954
1711955
1711956
1711957
1711958
1711959
1711960
1711961
1711962
1711963
1711964
1711965
1711966
1711967
1711968
1711969
1711970
1711971
1711972
1711973
1711974
1711975
1711976
1711977
1711978
1711979
1711980
1711981
1711982
1711983
1711984
1711985
1711986
1711987
1711988
1711989
1711990
1711991
1711992
1711993
1711994
1711995
1711996
1711997
1711998
1711999
1712000
1712001
1712002
1712003
1712004
1712005
1712006
1712007
1712008
1712009
1712010
1712011
1712012
1712013
1712014
1712015
1712016
1712017
1712018
1712019
1712020
1712021
1712022
1712023
1712024
1712025
1712026
1712027
1712028
1712029
1712030
1712031
1712032
1712033
1712034
1712035
1712036
1712037
1712038
1712039
1712040
1712041
1712042
1712043
1712044
1712045
1712046
1712047
1712048
1712049
1712050
1712051
1712052
1712053
1712054
1712055
1712056
1712057
1712058
1712059
1712060
1712061
1712062
1712063
1712064
1712065
1712066
1712067
1712068
1712069
1712070
1712071
1712072
1712073
1712074
1712075
1712076
1712077
1712078
1712079
1712080
1712081
1712082
1712083
1712084
1712085
1712086
1712087
1712088
1712089
1712090
1712091
1712092
1712093
1712094
1712095
1712096
1712097
1712098
1712099
1712100
1712101
1712102
1712103
1712104
1712105
1712106
1712107
1712108
1712109
1712110
1712111
1712112
1712113
1712114
1712115
1712116
1712117
1712118
1712119
1712120
1712121
1712122
1712123
1712124
1712125
1712126
1712127
1712128
1712129
1712130
1712131
1712132
1712133
1712134
1712135
1712136
1712137
1712138
1712139
1712140
1712141
1712142
1712143
1712144
1712145
1712146
1712147
1712148
1712149
1712150
1712151
1712152
1712153
1712154
1712155
1712156
1712157
1712158
1712159
1712160
1712161
1712162
1712163
1712164
1712165
1712166
1712167
1712168
1712169
1712170
1712171
1712172
1712173
1712174
1712175
1712176
1712177
1712178
1712179
1712180
1712181
1712182
1712183
1712184
1712185
1712186
1712187
1712188
1712189
1712190
1712191
1712192
1712193
1712194
1712195
1712196
1712197
1712198
1712199
1712200
1712201
1712202
1712203
1712204
1712205
1712206
1712207
1712208
1712209
1712210
1712211
1712212
1712213
1712214
1712215
1712216
1712217
1712218
1712219
1712220
1712221
1712222
1712223
1712224
1712225
1712226
1712227
1712228
1712229
1712230
1712231
1712232
1712233
1712234
1712235
1712236
1712237
1712238
1712239
1712240
1712241
1712242
1712243
1712244
1712245
1712246
1712247
1712248
1712249
1712250
1712251
1712252
1712253
1712254
1712255
1712256
1712257
1712258
1712259
1712260
1712261
1712262
1712263
1712264
1712265
1712266
1712267
1712268
1712269
1712270
1712271
1712272
1712273
1712274
1712275
1712276
1712277
1712278
1712279
1712280
1712281
1712282
1712283
1712284
1712285
1712286
1712287
1712288
1712289
1712290
1712291
1712292
1712293
1712294
1712295
1712296
1712297
1712298
1712299
1712300
1712301
1712302
1712303
1712304
1712305
1712306
1712307
1712308
1712309
1712310
1712311
1712312
1712313
1712314
1712315
1712316
1712317
1712318
1712319
1712320
1712321
1712322
1712323
1712324
1712325
1712326
1712327
1712328
1712329
1712330
1712331
1712332
1712333
1712334
1712335
1712336
1712337
1712338
1712339
1712340
1712341
1712342
1712343
1712344
1712345
1712346
1712347
1712348
1712349
1712350
1712351
1712352
1712353
1712354
1712355
1712356
1712357
1712358
1712359
1712360
1712361
1712362
1712363
1712364
1712365
1712366
1712367
1712368
1712369
1712370
1712371
1712372
1712373
1712374
1712375
1712376
1712377
1712378
1712379
1712380
1712381
1712382
1712383
1712384
1712385
1712386
1712387
1712388
1712389
1712390
1712391
1712392
1712393
1712394
1712395
1712396
1712397
1712398
1712399
1712400
1712401
1712402
1712403
1712404
1712405
1712406
1712407
1712408
1712409
1712410
1712411
1712412
1712413
1712414
1712415
1712416
1712417
1712418
1712419
1712420
1712421
1712422
1712423
1712424
1712425
1712426
1712427
1712428
1712429
1712430
1712431
1712432
1712433
1712434
1712435
1712436
1712437
1712438
1712439
1712440
1712441
1712442
1712443
1712444
1712445
1712446
1712447
1712448
1712449
1712450
1712451
1712452
1712453
1712454
1712455
1712456
1712457
1712458
1712459
1712460
1712461
1712462
1712463
1712464
1712465
1712466
1712467
1712468
1712469
1712470
1712471
1712472
1712473
1712474
1712475
1712476
1712477
1712478
1712479
1712480
1712481
1712482
1712483
1712484
1712485
1712486
1712487
1712488
1712489
1712490
1712491
1712492
1712493
1712494
1712495
1712496
1712497
1712498
1712499
1712500
1712501
1712502
1712503
1712504
1712505
1712506
1712507
1712508
1712509
1712510
1712511
1712512
1712513
1712514
1712515
1712516
1712517
1712518
1712519
1712520
1712521
1712522
1712523
1712524
1712525
1712526
1712527
1712528
1712529
1712530
1712531
1712532
1712533
1712534
1712535
1712536
1712537
1712538
1712539
1712540
1712541
1712542
1712543
1712544
1712545
1712546
1712547
1712548
1712549
1712550
1712551
1712552
1712553
1712554
1712555
1712556
1712557
1712558
1712559
1712560
1712561
1712562
1712563
1712564
1712565
1712566
1712567
1712568
1712569
1712570
1712571
1712572
1712573
1712574
1712575
1712576
1712577
1712578
1712579
1712580
1712581
1712582
1712583
1712584
1712585
1712586
1712587
1712588
1712589
1712590
1712591
1712592
1712593
1712594
1712595
1712596
1712597
1712598
1712599
1712600
1712601
1712602
1712603
1712604
1712605
1712606
1712607
1712608
1712609
1712610
1712611
1712612
1712613
1712614
1712615
1712616
1712617
1712618
1712619
1712620
1712621
1712622
1712623
1712624
1712625
1712626
1712627
1712628
1712629
1712630
1712631
1712632
1712633
1712634
1712635
1712636
1712637
1712638
1712639
1712640
1712641
1712642
1712643
1712644
1712645
1712646
1712647
1712648
1712649
1712650
1712651
1712652
1712653
1712654
1712655
1712656
1712657
1712658
1712659
1712660
1712661
1712662
1712663
1712664
1712665
1712666
1712667
1712668
1712669
1712670
1712671
1712672
1712673
1712674
1712675
1712676
1712677
1712678
1712679
1712680
1712681
1712682
1712683
1712684
1712685
1712686
1712687
1712688
1712689
1712690
1712691
1712692
1712693
1712694
1712695
1712696
1712697
1712698
1712699
1712700
1712701
1712702
1712703
1712704
1712705
1712706
1712707
1712708
1712709
1712710
1712711
1712712
1712713
1712714
1712715
1712716
1712717
1712718
1712719
1712720
1712721
1712722
1712723
1712724
1712725
1712726
1712727
1712728
1712729
1712730
1712731
1712732
1712733
1712734
1712735
1712736
1712737
1712738
1712739
1712740
1712741
1712742
1712743
1712744
1712745
1712746
1712747
1712748
1712749
1712750
1712751
1712752
1712753
1712754
1712755
1712756
1712757
1712758
1712759
1712760
1712761
1712762
1712763
1712764
1712765
1712766
1712767
1712768
1712769
1712770
1712771
1712772
1712773
1712774
1712775
1712776
1712777
1712778
1712779
1712780
1712781
1712782
1712783
1712784
1712785
1712786
1712787
1712788
1712789
1712790
1712791
1712792
1712793
1712794
1712795
1712796
1712797
1712798
1712799
1712800
1712801
1712802
1712803
1712804
1712805
1712806
1712807
1712808
1712809
1712810
1712811
1712812
1712813
1712814
1712815
1712816
1712817
1712818
1712819
1712820
1712821
1712822
1712823
1712824
1712825
1712826
1712827
1712828
1712829
1712830
1712831
1712832
1712833
1712834
1712835
1712836
1712837
1712838
1712839
1712840
1712841
1712842
1712843
1712844
1712845
1712846
1712847
1712848
1712849
1712850
1712851
1712852
1712853
1712854
1712855
1712856
1712857
1712858
1712859
1712860
1712861
1712862
1712863
1712864
1712865
1712866
1712867
1712868
1712869
1712870
1712871
1712872
1712873
1712874
1712875
1712876
1712877
1712878
1712879
1712880
1712881
1712882
1712883
1712884
1712885
1712886
1712887
1712888
1712889
1712890
1712891
1712892
1712893
1712894
1712895
1712896
1712897
1712898
1712899
1712900
1712901
1712902
1712903
1712904
1712905
1712906
1712907
1712908
1712909
1712910
1712911
1712912
1712913
1712914
1712915
1712916
1712917
1712918
1712919
1712920
1712921
1712922
1712923
1712924
1712925
1712926
1712927
1712928
1712929
1712930
1712931
1712932
1712933
1712934
1712935
1712936
1712937
1712938
1712939
1712940
1712941
1712942
1712943
1712944
1712945
1712946
